Start: 14:34:53.598859
End:   14:40:54.372252
Total: 0:06:00.773491
